g = 3:4:27
