rv1 = [1,2,3,4]
rv2 = [1 2 3 4]
rv3 = linspace(1, 10, 5)
