vA=1:3:34

vB=[vA(1:5) vA(9:12)]
