6*4>32-3

v=4*3-7<15/3>-1

y=2*(3<8/4+2)^2<(-2)

(5+~0)/3==3-~(10/5-2)
