v = [-2 4 1 0 2 1 2];

w = [2 5 0 1 2 -1 3];

~v == ~w

w>=v

v>~-1*w

v>-1*w
